wikipedia: 1.0
pyramid_pca10_L5: 0.9583312178200618
pyramid_pca10_L6: 0.944410511013749
pyramid_pca8_L5: 0.9443100949806373
pyramid_pca10_L4: 0.9337257841334424
pyramid_pca8_L6: 0.9247126413178209
pyramid_pca8_L4: 0.9146633265405633
pyramid_pca6_L5: 0.9133133899634789
pyramid_pca10_L3: 0.8877705428590954
pyramid_pca6_L4: 0.884603533943894
pyramid_pca6_L6: 0.8805652101740146
pyramid_pca10_L7: 0.8744205981454094
pyramid_pca10_L2: 0.8642762720841206
pyramid_pca8_L3: 0.860149294067429
pyramid_pca4_L5: 0.8545753685287272
pyramid_pca4_L4: 0.8348715968559096
pyramid_pca6_L3: 0.8309194557337718
pyramid_pca8_L2: 0.8242076230712488
pyramid_pca8_L7: 0.8160559013644221
pyramid_pca6_L2: 0.7893210767421058
pyramid_pca4_L3: 0.7796333980048756
pyramid_pca4_L6: 0.7298225237032273
pyramid_pca4_L2: 0.7112796543489821
pyramid_pca10_L8: 0.6814574619986927
pyramid_pca6_L7: 0.6574182741589752
pyramid_pca10_L1: 0.6054512176844931
pyramid_pca8_L1: 0.6054450300925418
pyramid_pca6_L1: 0.6054347169877133
pyramid_pca4_L1: 0.6054140890839305
pyramid_pca8_L8: 0.5236537856259449
pyramid_pca10_L9: 0.3418852451359613
wordnet_original: 0.29267935594103583
pyramid_pca6_L8: 0.2548902773715131
pyramid_pca4_L7: 0.21369548127715374
pyramid_pca8_L9: 0.20475171419559382
pyramid_pca6_L9: 0.1304141782073197
wordnet_restricted: 0.1186294490688188
pyramid_pca4_L8: 0.1014765546032654
pyramid_pca4_L9: 0.09382972550208689